server/data/00_etapann.txt
ncols         417
nrows         337
xllcorner     112.15
yllcorner     -43.8
cellsize      0.1
NODATA_value  -9999
[rows 76 to 113 of 337, columns 252 to 335 of 417]
1830 1838 1849 1858 1865 1871 1879 1885 1893 1898 1903 1906 1910 1913 1916 1917 1919 1920 1921 1921 1920 1919 1916 1914 1911 1907 1903 1900 1897 1892 1888 1884 1880 1875 1871 1865 1861 1858 1854 1849 1845 1840 1836 1832 1827 1823 1819 1815 1811 1808 1804 1801 1798 1795 1792 1789 1786 1783 1780 1778 1773 1772 1771 1771 1769 1761 1758 1754 1759 1755 1760 1756 1750 1751 1753 1757 1770 1784 1798 1816 1839 1869 1896 1886
1822 1830 1838 1847 1852 1860 1867 1872 1876 1882 1887 1891 1895 1898 1900 1902 1904 1905 1906 1906 1905 1904 1902 1900 1897 1894 1890 1888 1885 1881 1877 1873 1869 1865 1861 1856 1853 1850 1846 1841 1837 1833 1829 1825 1821 1817 1813 1809 1806 1802 1798 1795 1792 1790 1787 1785 1781 1778 1776 1773 1771 1766 1766 1765 1761 1765 1757 1754 1755 1752 1758 1760 1758 1758 1757 1766 1780 1792 1810 1830 1852 1869 1904 1888
1809 1817 1825 1831 1838 1842 1849 1853 1860 1865 1871 1876 1880 1883 1885 1887 1889 1890 1890 1890 1890 1889 1887 1886 1884 1881 1877 1874 1872 1868 1865 1862 1859 1855 1851 1847 1845 1841 1837 1833 1830 1826 1822 1818 1814 1811 1807 1803 1797 1794 1787 1786 1785 1784 1782 1779 1775 1771 1771 1769 1766 1765 1761 1757 1756 1759 1761 1761 1760 1761 1758 1754 1752 1755 1759 1769 1783 1797 1813 1836 1855 1873 1893 1888
1794 1804 1810 1818 1820 1823 1831 1839 1843 1848 1855 1860 1864 1867 1869 1871 1873 1874 1875 1875 1875 1874 1873 1872 1870 1868 1865 1862 1859 1856 1853 1851 1848 1845 1842 1838 1835 1832 1829 1825 1822 1818 1815 1811 1808 1804 1801 1798 1792 1785 1783 1779 1781 1779 1777 1773 1770 1767 1766 1765 1763 1760 1754 1747 1755 1759 1761 1762 1761 1763 1759 1751 1747 1748 1757 1769 1781 1798 1814 1835 1851 1868 1882 1885
1782 1788 1795 1803 1809 1810 1814 1821 1829 1832 1840 1845 1848 1850 1853 1856 1857 1859 1859 1859 1859 1859 1858 1857 1856 1855 1852 1850 1846 1843 1840 1839 1837 1834 1832 1829 1826 1823 1820 1817 1814 1811 1807 1804 1801 1798 1795 1792 1788 1784 1779 1776 1774 1771 1769 1769 1767 1765 1763 1760 1756 1757 1755 1745 1750 1750 1755 1757 1757 1762 1758 1751 1741 1742 1753 1767 1786 1799 1811 1832 1846 1859 1870 1879
1769 1775 1782 1789 1794 1794 1795 1801 1811 1817 1824 1829 1832 1834 1836 1839 1841 1842 1843 1844 1844 1844 1843 1843 1842 1841 1840 1838 1834 1831 1828 1827 1826 1824 1822 1819 1817 1814 1812 1809 1806 1803 1800 1797 1794 1791 1788 1785 1782 1776 1773 1769 1767 1765 1762 1763 1761 1759 1759 1756 1753 1748 1748 1739 1740 1734 1745 1754 1755 1755 1755 1748 1738 1741 1754 1771 1785 1798 1809 1823 1835 1843 1857 1869
1755 1761 1766 1771 1775 1777 1776 1787 1795 1795 1801 1813 1813 1815 1820 1823 1825 1826 1827 1828 1829 1829 1829 1829 1829 1828 1826 1825 1823 1820 1817 1815 1814 1813 1812 1809 1807 1805 1803 1800 1798 1795 1792 1789 1787 1784 1781 1779 1776 1773 1768 1765 1758 1755 1756 1757 1755 1753 1753 1752 1748 1744 1738 1733 1725 1726 1741 1746 1741 1746 1750 1746 1741 1749 1760 1771 1784 1795 1805 1817 1827 1837 1841 1857
1739 1746 1749 1754 1759 1766 1768 1777 1781 1780 1786 1796 1796 1799 1804 1805 1808 1810 1812 1813 1814 1814 1815 1815 1815 1814 1813 1812 1811 1809 1807 1805 1804 1803 1801 1799 1798 1795 1794 1792 1789 1787 1785 1782 1779 1777 1774 1772 1769 1767 1762 1760 1751 1745 1748 1749 1749 1748 1747 1745 1742 1738 1734 1728 1721 1730 1741 1744 1744 1742 1746 1748 1751 1756 1763 1772 1780 1790 1799 1808 1815 1822 1831 1840
1726 1729 1736 1742 1747 1752 1757 1761 1764 1767 1771 1779 1781 1784 1785 1785 1791 1794 1796 1798 1799 1800 1801 1801 1801 1800 1799 1799 1798 1797 1795 1794 1794 1792 1791 1789 1788 1786 1785 1783 1781 1779 1777 1774 1772 1770 1767 1765 1763 1760 1758 1754 1750 1745 1741 1741 1744 1741 1739 1741 1736 1732 1725 1723 1719 1718 1729 1738 1741 1743 1745 1747 1749 1757 1762 1766 1777 1783 1789 1797 1803 1810 1817 1823
1720 1720 1726 1731 1735 1740 1744 1747 1751 1754 1758 1762 1760 1768 1765 1770 1774 1779 1781 1782 1784 1786 1787 1788 1788 1787 1786 1786 1786 1785 1784 1784 1783 1782 1781 1780 1779 1777 1776 1774 1773 1771 1769 1767 1764 1762 1760 1758 1756 1754 1752 1749 1745 1741 1737 1736 1736 1731 1732 1735 1733 1730 1729 1721 1713 1716 1726 1731 1731 1737 1739 1740 1744 1751 1758 1764 1770 1775 1782 1789 1795 1800 1808 1809
1709 1712 1715 1719 1723 1726 1728 1731 1734 1738 1740 1744 1745 1747 1752 1756 1761 1764 1765 1767 1769 1770 1772 1774 1775 1774 1774 1774 1774 1773 1773 1773 1772 1771 1770 1770 1769 1768 1767 1765 1764 1763 1761 1759 1757 1755 1753 1751 1749 1748 1746 1744 1741 1739 1731 1726 1728 1725 1728 1726 1727 1726 1721 1715 1705 1713 1719 1724 1723 1727 1730 1731 1736 1740 1751 1757 1759 1764 1772 1779 1785 1790 1797 1800
1697 1700 1703 1706 1708 1710 1713 1716 1719 1721 1724 1728 1732 1736 1739 1743 1744 1745 1749 1750 1752 1755 1759 1760 1761 1761 1761 1762 1761 1761 1761 1762 1761 1761 1760 1760 1759 1758 1758 1757 1756 1754 1753 1752 1750 1748 1746 1745 1743 1741 1739 1738 1736 1733 1727 1722 1720 1719 1718 1721 1717 1714 1713 1705 1703 1704 1707 1713 1715 1712 1725 1728 1731 1733 1742 1746 1754 1759 1764 1769 1774 1778 1784 1787
1686 1689 1691 1693 1695 1696 1699 1702 1706 1709 1711 1713 1719 1724 1722 1727 1727 1726 1731 1731 1736 1738 1744 1746 1748 1749 1749 1749 1749 1749 1750 1750 1751 1750 1750 1750 1749 1749 1749 1748 1747 1746 1745 1744 1742 1741 1739 1738 1736 1734 1733 1731 1729 1727 1725 1722 1717 1715 1710 1712 1713 1707 1706 1703 1696 1695 1697 1702 1703 1710 1717 1719 1722 1724 1731 1737 1743 1744 1752 1757 1762 1759 1770 1770
1675 1678 1679 1680 1682 1684 1686 1689 1692 1693 1696 1700 1701 1710 1705 1706 1710 1708 1714 1717 1722 1725 1729 1732 1734 1736 1736 1737 1737 1737 1739 1739 1740 1740 1740 1740 1740 1740 1740 1739 1739 1738 1737 1736 1735 1734 1732 1731 1729 1728 1726 1725 1723 1721 1718 1716 1714 1709 1703 1700 1705 1704 1697 1697 1692 1692 1685 1693 1698 1703 1708 1711 1713 1715 1722 1726 1731 1733 1738 1744 1751 1754 1755 1762
1665 1667 1667 1668 1669 1670 1671 1672 1676 1678 1681 1683 1685 1693 1688 1690 1693 1690 1698 1702 1699 1705 1712 1718 1721 1724 1724 1724 1725 1726 1727 1727 1729 1730 1730 1730 1730 1731 1731 1731 1730 1730 1730 1729 1728 1727 1726 1725 1723 1722 1720 1718 1717 1715 1713 1711 1709 1707 1702 1696 1695 1699 1696 1694 1690 1687 1681 1686 1686 1691 1697 1700 1700 1707 1713 1716 1718 1720 1730 1734 1737 1739 1741 1747
1655 1656 1657 1657 1656 1656 1657 1660 1661 1661 1665 1669 1674 1682 1682 1679 1679 1678 1681 1685 1686 1696 1702 1706 1708 1710 1712 1712 1713 1715 1716 1715 1717 1719 1720 1721 1721 1722 1722 1722 1722 1722 1722 1722 1721 1720 1719 1718 1717 1716 1714 1712 1711 1709 1707 1704 1703 1701 1696 1686 1682 1686 1687 1686 1684 1680 1672 1675 1675 1681 1684 1684 1687 1699 1701 1706 1706 1714 1719 1721 1719 1716 1726 1732
1646 1646 1646 1645 1644 1643 1643 1643 1644 1645 1649 1653 1655 1663 1664 1666 1665 1664 1666 1671 1681 1685 1689 1693 1695 1697 1700 1700 1701 1703 1704 1705 1706 1708 1710 1711 1712 1713 1713 1714 1714 1715 1715 1715 1715 1714 1713 1712 1711 1710 1708 1706 1704 1703 1701 1698 1695 1692 1686 1679 1677 1674 1674 1673 1665 1662 1662 1663 1669 1669 1673 1680 1688 1694 1696 1698 1703 1703 1708 1709 1709 1712 1716 1720
1638 1637 1636 1635 1633 1631 1629 1628 1628 1631 1634 1636 1639 1645 1646 1651 1651 1652 1654 1661 1668 1666 1672 1679 1682 1684 1688 1689 1688 1691 1693 1694 1697 1698 1700 1702 1703 1704 1705 1706 1707 1707 1707 1707 1708 1708 1707 1706 1705 1703 1702 1700 1698 1696 1694 1692 1689 1686 1685 1679 1673 1664 1660 1661 1658 1650 1650 1653 1657 1658 1664 1672 1677 1682 1687 1690 1689 1692 1695 1696 1698 1701 1703 1706
1630 1629 1627 1624 1622 1619 1616 1614 1614 1616 1618 1621 1624 1628 1631 1636 1635 1639 1642 1649 1650 1654 1662 1666 1667 1671 1676 1677 1677 1680 1682 1683 1686 1689 1690 1692 1694 1695 1697 1698 1699 1700 1700 1700 1701 1701 1701 1700 1699 1697 1696 1694 1692 1690 1689 1687 1684 1681 1677 1675 1668 1661 1654 1651 1647 1648 1649 1651 1650 1656 1663 1667 1671 1673 1675 1676 1676 1679 1683 1685 1688 1692 1693 1694
1623 1621 1619 1615 1611 1606 1603 1599 1599 1601 1603 1606 1609 1613 1617 1621 1623 1627 1634 1635 1637 1641 1648 1653 1651 1659 1663 1665 1666 1669 1671 1673 1676 1679 1680 1683 1685 1687 1689 1690 1692 1693 1693 1694 1694 1694 1695 1694 1693 1692 1690 1689 1687 1685 1683 1681 1679 1676 1674 1672 1660 1654 1650 1648 1646 1650 1650 1646 1643 1650 1653 1657 1657 1660 1663 1663 1663 1669 1671 1674 1677 1679 1680 1681
1616 1615 1612 1607 1601 1594 1589 1585 1584 1587 1589 1592 1596 1601 1604 1610 1611 1614 1622 1624 1622 1628 1634 1639 1638 1647 1650 1654 1654 1658 1661 1664 1666 1669 1671 1674 1676 1679 1681 1683 1685 1686 1687 1688 1688 1688 1688 1688 1688 1686 1685 1683 1682 1680 1678 1676 1674 1671 1670 1667 1660 1655 1648 1646 1644 1647 1643 1640 1638 1640 1641 1642 1644 1648 1649 1652 1655 1657 1659 1663 1665 1667 1668 1669
1612 1611 1606 1600 1593 1584 1576 1570 1571 1575 1577 1580 1585 1590 1594 1601 1601 1601 1607 1614 1612 1618 1623 1628 1631 1635 1639 1643 1643 1647 1650 1653 1656 1659 1662 1665 1668 1671 1674 1676 1678 1680 1681 1682 1682 1683 1683 1683 1682 1682 1680 1679 1677 1675 1674 1672 1670 1668 1665 1662 1660 1658 1652 1651 1642 1644 1640 1634 1634 1630 1631 1631 1634 1641 1641 1643 1644 1645 1650 1653 1655 1657 1657 1657
1607 1606 1600 1592 1585 1576 1569 1563 1562 1565 1568 1571 1574 1580 1587 1587 1590 1593 1597 1600 1603 1606 1610 1619 1624 1625 1630 1632 1633 1636 1640 1643 1646 1649 1652 1656 1659 1663 1666 1669 1671 1673 1675 1676 1677 1678 1678 1678 1678 1677 1676 1674 1673 1671 1669 1666 1664 1663 1660 1658 1656 1654 1653 1650 1645 1643 1636 1635 1630 1627 1627 1628 1631 1636 1632 1635 1636 1638 1642 1644 1646 1646 1647 1646
1598 1597 1591 1584 1577 1570 1563 1559 1557 1559 1560 1563 1566 1574 1575 1578 1581 1584 1584 1587 1592 1596 1600 1608 1609 1615 1618 1619 1622 1626 1629 1632 1636 1639 1643 1647 1651 1656 1659 1663 1665 1667 1669 1671 1673 1673 1674 1674 1673 1672 1671 1670 1668 1666 1664 1662 1661 1657 1655 1654 1652 1651 1650 1648 1644 1641 1636 1632 1627 1622 1622 1624 1621 1631 1628 1631 1631 1633 1632 1632 1630 1633 1635 1636
1587 1585 1581 1575 1569 1563 1558 1554 1552 1553 1554 1558 1561 1564 1566 1569 1572 1574 1575 1577 1583 1586 1592 1597 1598 1603 1606 1609 1611 1615 1619 1622 1626 1630 1634 1638 1644 1649 1653 1656 1659 1662 1664 1665 1668 1669 1670 1670 1669 1668 1666 1665 1663 1661 1660 1660 1657 1653 1651 1649 1647 1645 1643 1643 1642 1639 1634 1629 1624 1618 1619 1621 1619 1626 1622 1621 1625 1621 1619 1618 1620 1626 1628 1630
1576 1574 1570 1566 1561 1556 1552 1549 1548 1548 1548 1549 1552 1555 1555 1560 1563 1565 1566 1570 1574 1580 1581 1588 1590 1592 1596 1599 1601 1606 1609 1612 1616 1620 1625 1630 1637 1642 1647 1650 1654 1657 1660 1662 1663 1665 1666 1666 1665 1664 1663 1660 1658 1656 1654 1655 1650 1648 1647 1644 1644 1642 1640 1640 1638 1634 1630 1626 1620 1620 1621 1618 1618 1621 1616 1614 1617 1619 1615 1617 1624 1622 1626 1626
1566 1564 1560 1556 1553 1549 1546 1543 1540 1540 1540 1542 1542 1544 1548 1552 1555 1557 1560 1561 1566 1568 1573 1580 1580 1580 1587 1587 1592 1596 1599 1602 1606 1611 1616 1623 1630 1635 1641 1645 1649 1652 1655 1658 1658 1660 1662 1662 1661 1661 1659 1657 1654 1652 1650 1649 1646 1644 1642 1640 1639 1638 1637 1635 1633 1632 1631 1624 1624 1625 1621 1617 1619 1614 1608 1610 1613 1610 1616 1618 1621 1621 1621 1621
1556 1554 1551 1548 1544 1541 1538 1535 1534 1533 1533 1534 1536 1538 1542 1544 1547 1547 1553 1555 1559 1564 1568 1573 1570 1573 1577 1581 1583 1585 1588 1591 1596 1602 1610 1617 1623 1629 1635 1640 1645 1648 1651 1654 1655 1656 1658 1658 1658 1657 1655 1653 1651 1648 1646 1644 1641 1639 1636 1636 1634 1633 1631 1628 1629 1631 1627 1620 1623 1622 1623 1615 1615 1613 1609 1609 1611 1608 1610 1612 1616 1617 1617 1619
1546 1543 1538 1539 1535 1534 1530 1528 1527 1526 1527 1528 1530 1531 1534 1537 1540 1542 1546 1549 1554 1557 1562 1565 1563 1565 1570 1571 1574 1576 1577 1581 1585 1594 1602 1610 1617 1623 1629 1635 1641 1644 1648 1650 1652 1654 1654 1655 1654 1653 1651 1649 1647 1644 1641 1639 1636 1633 1631 1630 1630 1628 1625 1627 1630 1629 1625 1621 1619 1619 1618 1614 1614 1611 1609 1608 1607 1606 1607 1609 1609 1611 1614 1615
1537 1535 1532 1530 1527 1525 1522 1521 1519 1519 1520 1521 1523 1525 1528 1530 1533 1536 1538 1542 1547 1554 1557 1559 1557 1556 1558 1566 1564 1567 1571 1572 1577 1587 1596 1604 1611 1618 1624 1631 1636 1641 1645 1648 1651 1652 1652 1652 1651 1649 1647 1644 1642 1639 1636 1633 1629 1627 1626 1625 1625 1623 1624 1624 1622 1622 1622 1622 1619 1616 1612 1609 1608 1607 1606 1604 1604 1602 1602 1606 1606 1608 1609 1612
1528 1526 1524 1522 1520 1516 1514 1513 1512 1512 1513 1515 1516 1518 1521 1523 1527 1529 1533 1535 1542 1550 1547 1550 1549 1555 1557 1558 1559 1563 1567 1569 1572 1581 1591 1598 1605 1612 1620 1626 1633 1638 1643 1647 1650 1651 1650 1649 1647 1646 1643 1640 1637 1634 1632 1628 1625 1622 1621 1619 1619 1619 1618 1618 1617 1616 1614 1614 1612 1610 1608 1604 1604 1603 1603 1601 1601 1601 1601 1600 1599 1599 1604 1609
1520 1518 1516 1513 1511 1510 1507 1504 1504 1505 1506 1508 1509 1511 1514 1517 1521 1524 1527 1529 1536 1539 1541 1545 1544 1545 1551 1554 1558 1558 1563 1564 1565 1575 1585 1593 1600 1608 1615 1623 1629 1635 1641 1646 1650 1649 1648 1646 1644 1642 1639 1636 1633 1629 1627 1624 1621 1618 1615 1615 1613 1613 1613 1612 1613 1612 1610 1608 1604 1603 1601 1601 1600 1600 1599 1598 1598 1599 1598 1594 1598 1601 1601 1607
1512 1510 1508 1506 1504 1502 1500 1498 1497 1498 1499 1500 1503 1505 1508 1512 1515 1518 1522 1527 1528 1530 1536 1539 1541 1546 1551 1553 1556 1558 1562 1565 1566 1572 1581 1589 1596 1604 1612 1619 1625 1632 1638 1644 1650 1648 1644 1641 1639 1637 1635 1632 1628 1624 1622 1619 1616 1613 1610 1610 1608 1607 1607 1607 1607 1606 1605 1604 1603 1599 1596 1597 1596 1596 1596 1596 1595 1596 1594 1593 1594 1600 1602 1605
1505 1503 1500 1498 1496 1494 1492 1491 1490 1490 1491 1493 1496 1499 1502 1505 1509 1513 1517 1521 1522 1525 1529 1534 1537 1541 1546 1549 1552 1555 1557 1558 1561 1568 1576 1586 1593 1600 1607 1614 1620 1626 1633 1639 1643 1643 1640 1636 1634 1632 1630 1627 1623 1620 1616 1614 1611 1608 1606 1604 1603 1602 1601 1601 1601 1600 1600 1599 1597 1595 1592 1592 1592 1592 1593 1593 1592 1593 1593 1593 1594 1597 1599 1601
1498 1495 1493 1491 1488 1486 1485 1483 1483 1482 1484 1486 1489 1492 1496 1499 1504 1508 1512 1515 1517 1520 1525 1530 1533 1537 1541 1545 1549 1551 1552 1554 1556 1562 1573 1582 1589 1596 1603 1609 1614 1621 1626 1631 1634 1634 1633 1630 1628 1626 1624 1622 1619 1615 1612 1609 1606 1603 1601 1599 1598 1596 1595 1595 1595 1594 1594 1594 1593 1593 1591 1588 1589 1589 1589 1590 1589 1590 1591 1591 1592 1591 1593 1597
1491 1488 1486 1483 1481 1479 1477 1475 1475 1475 1476 1479 1482 1486 1490 1494 1499 1503 1507 1510 1514 1516 1521 1526 1530 1534 1538 1541 1545 1547 1550 1552 1554 1558 1569 1578 1585 1592 1598 1603 1608 1614 1618 1622 1624 1625 1626 1623 1622 1620 1618 1616 1614 1611 1607 1603 1601 1598 1596 1595 1593 1591 1589 1589 1589 1590 1589 1589 1589 1588 1586 1584 1585 1585 1586 1587 1587 1588 1589 1587 1588 1587 1590 1596
1485 1483 1481 1478 1476 1473 1471 1468 1467 1466 1467 1471 1475 1480 1485 1490 1494 1499 1503 1506 1509 1511 1517 1522 1527 1532 1536 1539 1541 1543 1546 1549 1551 1553 1562 1574 1581 1587 1592 1597 1601 1606 1610 1613 1615 1616 1617 1615 1615 1614 1612 1609 1607 1605 1602 1599 1596 1594 1592 1591 1589 1586 1584 1584 1585 1585 1585 1585 1585 1583 1582 1581 1581 1582 1583 1583 1584 1585 1587 1587 1585 1583 1585 1593
1480 1477 1474 1472 1469 1467 1465 1462 1460 1458 1460 1465 1470 1475 1481 1486 1490 1494 1499 1501 1504 1508 1515 1520 1523 1528 1533 1537 1538 1541 1543 1545 1546 1548 1559 1570 1577 1582 1584 1589 1593 1598 1601 1605 1608 1609 1610 1609 1607 1607 1605 1603 1601 1599 1596 1594 1592 1590 1587 1585 1583 1581 1580 1580 1580 1580 1581 1581 1580 1580 1579 1577 1577 1578 1579 1580 1581 1583 1584 1586 1585 1583 1587 1592
