server/data/00_etapann.txt
ncols         417
nrows         337
xllcorner     112.15
yllcorner     -43.8
cellsize      0.1
NODATA_value  -9999
[rows 0 to 37 of 337, columns 84 to 167 of 417]
2318 2319 2320 2321 2322 2323 2324 2325 2326 2327 2328 2329 2330 2331 2332 2333 2334 2336 2337 2338 2339 2340 2341 2342 2343 2344 2345 2346 2347 2348 2349 2350 2351 2352 2352 2353 2354 2355 2356 2356 2357 2357 2358 2359 2359 2360 2360 2360 2361 2361 2361 2361 2361 2361 2361 2361 2360 2360 2360 2359 2359 2358 2358 2357 2356 2355 2354 2354 2353 2352 2351 2349 2348 2347 2346 2345 2344 2342 2341 2340 2339 2337 2336 2335
2313 2314 2315 2316 2317 2318 2319 2320 2321 2322 2323 2324 2326 2327 2328 2329 2330 2331 2332 2333 2334 2335 2336 2337 2338 2339 2340 2341 2342 2343 2344 2345 2346 2347 2348 2349 2350 2351 2351 2352 2353 2353 2354 2355 2355 2356 2356 2356 2357 2357 2357 2357 2357 2357 2357 2357 2356 2356 2356 2355 2355 2354 2354 2353 2352 2351 2350 2349 2348 2347 2346 2345 2344 2343 2341 2340 2339 2338 2336 2335 2334 2332 2331 2330
2308 2309 2310 2311 2312 2313 2314 2315 2316 2318 2319 2320 2321 2322 2323 2324 2325 2326 2327 2328 2330 2331 2332 2333 2334 2335 2336 2337 2338 2339 2340 2341 2342 2343 2344 2345 2346 2346 2347 2348 2349 2349 2350 2351 2351 2352 2352 2352 2353 2353 2353 2353 2353 2353 2353 2353 2353 2352 2352 2351 2351 2350 2349 2349 2348 2347 2346 2345 2344 2343 2342 2341 2339 2338 2337 2335 2334 2333 2331 2330 2329 2327 2326 2325
2303 2304 2305 2306 2307 2309 2310 2311 2312 2313 2314 2315 2316 2317 2318 2319 2321 2322 2323 2324 2325 2326 2327 2328 2329 2330 2332 2333 2334 2335 2336 2337 2338 2339 2340 2340 2341 2342 2343 2344 2345 2345 2346 2347 2347 2348 2348 2348 2349 2349 2349 2349 2349 2349 2349 2349 2349 2348 2348 2347 2347 2346 2345 2345 2344 2343 2342 2341 2340 2339 2337 2336 2335 2333 2332 2331 2329 2328 2326 2325 2323 2322 2321 2319
2298 2299 2300 2302 2303 2304 2305 2306 2307 2308 2309 2310 2311 2312 2314 2315 2316 2317 2318 2319 2320 2321 2323 2324 2325 2326 2327 2328 2329 2330 2331 2332 2333 2334 2335 2336 2337 2338 2339 2340 2340 2341 2342 2342 2343 2344 2344 2344 2345 2345 2345 2345 2345 2345 2345 2345 2345 2344 2344 2343 2343 2342 2341 2341 2340 2339 2338 2337 2335 2334 2333 2332 2330 2329 2327 2326 2324 2323 2321 2320 2318 2317 2315 2314
2293 2295 2296 2297 2298 2299 2300 2301 2302 2303 2304 2305 2307 2308 2309 2310 2311 2312 2313 2314 2316 2317 2318 2319 2320 2321 2322 2324 2325 2326 2327 2328 2329 2330 2331 2332 2333 2334 2335 2336 2336 2337 2338 2338 2339 2340 2340 2340 2341 2341 2341 2341 2342 2341 2341 2341 2341 2341 2340 2340 2339 2338 2337 2337 2336 2335 2333 2332 2331 2330 2328 2327 2326 2324 2323 2321 2320 2318 2316 2315 2313 2312 2310 2308
2289 2290 2291 2292 2293 2294 2295 2296 2297 2298 2299 2301 2302 2303 2304 2305 2306 2307 2309 2310 2311 2312 2313 2314 2316 2317 2318 2319 2320 2321 2322 2323 2325 2326 2327 2328 2329 2330 2330 2331 2332 2333 2334 2334 2335 2336 2336 2337 2337 2337 2337 2338 2338 2338 2338 2337 2337 2337 2336 2336 2335 2334 2333 2333 2331 2330 2329 2328 2327 2325 2324 2323 2321 2320 2318 2316 2315 2313 2311 2310 2308 2306 2305 2303
2284 2285 2286 2287 2288 2289 2290 2291 2292 2293 2295 2296 2297 2298 2299 2300 2301 2303 2304 2305 2306 2307 2309 2310 2311 2312 2313 2314 2316 2317 2318 2319 2320 2321 2322 2323 2324 2325 2326 2327 2328 2329 2330 2330 2331 2332 2332 2333 2333 2333 2334 2334 2334 2334 2334 2333 2333 2333 2332 2332 2331 2330 2329 2328 2327 2326 2325 2324 2323 2321 2320 2318 2317 2315 2313 2312 2310 2308 2306 2305 2303 2301 2299 2297
2279 2280 2281 2282 2283 2284 2285 2286 2287 2289 2290 2291 2292 2293 2294 2295 2297 2298 2299 2300 2301 2303 2304 2305 2306 2307 2309 2310 2311 2312 2313 2314 2316 2317 2318 2319 2320 2321 2322 2323 2324 2325 2326 2326 2327 2328 2328 2329 2329 2329 2330 2330 2330 2330 2330 2330 2329 2329 2328 2328 2327 2326 2325 2324 2323 2322 2321 2320 2318 2317 2315 2314 2312 2310 2309 2307 2305 2303 2301 2299 2298 2296 2294 2292
2274 2275 2276 2277 2278 2279 2280 2281 2282 2284 2285 2286 2287 2288 2289 2291 2292 2293 2294 2295 2297 2298 2299 2300 2301 2303 2304 2305 2306 2308 2309 2310 2311 2312 2313 2314 2316 2317 2318 2319 2320 2321 2321 2322 2323 2324 2324 2325 2325 2326 2326 2326 2326 2326 2326 2326 2326 2325 2325 2324 2323 2322 2321 2320 2319 2318 2317 2315 2314 2312 2311 2309 2307 2306 2304 2302 2300 2298 2296 2294 2292 2290 2288 2286
2269 2270 2271 2272 2273 2274 2275 2276 2277 2279 2280 2281 2282 2283 2284 2286 2287 2288 2289 2290 2292 2293 2294 2295 2297 2298 2299 2300 2302 2303 2304 2305 2307 2308 2309 2310 2311 2312 2313 2314 2315 2316 2317 2318 2319 2320 2320 2321 2321 2322 2322 2322 2322 2322 2322 2322 2322 2321 2321 2320 2319 2319 2318 2316 2315 2314 2313 2311 2310 2308 2306 2305 2303 2301 2299 2297 2295 2293 2291 2289 2287 2285 2283 2281
2264 2265 2266 2267 2268 2269 2270 2271 2272 2274 2275 2276 2277 2278 2279 2281 2282 2283 2284 2286 2287 2288 2289 2291 2292 2293 2294 2296 2297 2298 2299 2301 2302 2303 2304 2306 2307 2308 2309 2310 2311 2312 2313 2314 2315 2316 2316 2317 2317 2318 2318 2318 2319 2319 2318 2318 2318 2318 2317 2316 2316 2315 2314 2312 2311 2310 2309 2307 2305 2304 2302 2300 2298 2296 2294 2292 2290 2288 2286 2284 2282 2279 2277 2275
2259 2260 2261 2262 2263 2264 2265 2266 2267 2268 2270 2271 2272 2273 2274 2276 2277 2278 2279 2281 2282 2283 2284 2286 2287 2288 2290 2291 2292 2293 2295 2296 2297 2299 2300 2301 2302 2303 2305 2306 2307 2308 2309 2310 2311 2311 2312 2313 2313 2314 2314 2315 2315 2315 2315 2315 2314 2314 2313 2313 2312 2311 2310 2309 2307 2306 2304 2303 2301 2299 2298 2296 2294 2292 2290 2287 2285 2283 2281 2278 2276 2274 2272 2269
2253 2254 2256 2257 2258 2259 2260 2261 2262 2263 2265 2266 2267 2268 2269 2271 2272 2273 2274 2276 2277 2278 2279 2281 2282 2283 2285 2286 2287 2289 2290 2291 2293 2294 2295 2296 2298 2299 2300 2301 2303 2304 2305 2306 2307 2307 2308 2309 2310 2310 2310 2311 2311 2311 2311 2311 2310 2310 2309 2309 2308 2307 2306 2305 2303 2302 2300 2299 2297 2295 2293 2291 2289 2287 2285 2283 2280 2278 2276 2273 2271 2268 2266 2264
2248 2249 2250 2251 2253 2254 2255 2256 2257 2258 2259 2261 2262 2263 2264 2266 2267 2268 2269 2271 2272 2273 2274 2276 2277 2278 2280 2281 2282 2284 2285 2287 2288 2289 2291 2292 2293 2294 2296 2297 2298 2299 2300 2301 2302 2303 2304 2305 2306 2306 2307 2307 2307 2307 2307 2307 2307 2306 2306 2305 2304 2303 2302 2301 2299 2298 2296 2294 2293 2291 2289 2287 2284 2282 2280 2278 2275 2273 2270 2268 2265 2263 2260 2258
2243 2244 2245 2246 2247 2249 2250 2251 2252 2253 2254 2255 2257 2258 2259 2260 2262 2263 2264 2265 2267 2268 2269 2271 2272 2273 2275 2276 2278 2279 2280 2282 2283 2284 2286 2287 2289 2290 2291 2292 2294 2295 2296 2297 2298 2299 2300 2301 2302 2302 2303 2303 2303 2304 2304 2303 2303 2303 2302 2301 2300 2299 2298 2297 2295 2294 2292 2290 2288 2286 2284 2282 2280 2278 2275 2273 2270 2268 2265 2263 2260 2257 2255 2252
2238 2239 2240 2241 2242 2243 2244 2246 2247 2248 2249 2250 2251 2253 2254 2255 2256 2258 2259 2260 2262 2263 2264 2266 2267 2268 2270 2271 2273 2274 2275 2277 2278 2280 2281 2282 2284 2285 2287 2288 2289 2291 2292 2293 2294 2295 2296 2297 2298 2298 2299 2299 2300 2300 2300 2300 2299 2299 2298 2298 2297 2295 2294 2293 2291 2290 2288 2286 2284 2282 2280 2278 2275 2273 2270 2268 2265 2263 2260 2257 2255 2252 2249 2246
2233 2234 2235 2236 2237 2238 2239 2240 2242 2243 2244 2245 2246 2247 2249 2250 2251 2252 2254 2255 2256 2258 2259 2260 2262 2263 2265 2266 2268 2269 2270 2272 2273 2275 2276 2278 2279 2281 2282 2283 2285 2286 2287 2289 2290 2291 2292 2293 2294 2294 2295 2296 2296 2296 2296 2296 2296 2295 2295 2294 2293 2292 2290 2289 2287 2286 2284 2282 2280 2278 2276 2273 2271 2268 2266 2263 2260 2258 2255 2252 2249 2246 2243 2240
2227 2228 2230 2231 2232 2233 2234 2235 2236 2237 2239 2240 2241 2242 2243 2245 2246 2247 2249 2250 2251 2253 2254 2255 2257 2258 2260 2261 2262 2264 2265 2267 2268 2270 2271 2273 2274 2276 2277 2279 2280 2282 2283 2284 2286 2287 2288 2289 2290 2291 2291 2292 2292 2292 2292 2292 2292 2292 2291 2290 2289 2288 2287 2285 2284 2282 2280 2278 2276 2273 2271 2269 2266 2264 2261 2258 2255 2252 2250 2247 2244 2241 2238 2235
2222 2223 2224 2225 2226 2228 2229 2230 2231 2232 2233 2234 2236 2237 2238 2239 2241 2242 2243 2245 2246 2247 2249 2250 2251 2253 2254 2256 2257 2259 2260 2262 2263 2265 2266 2268 2269 2271 2273 2274 2276 2277 2278 2280 2281 2282 2284 2285 2286 2287 2287 2288 2288 2289 2289 2289 2288 2288 2287 2286 2285 2284 2283 2281 2280 2278 2276 2274 2271 2269 2267 2264 2262 2259 2256 2253 2250 2247 2244 2241 2238 2235 2232 2229
2217 2218 2219 2220 2221 2222 2223 2224 2226 2227 2228 2229 2230 2231 2233 2234 2235 2237 2238 2239 2241 2242 2243 2245 2246 2248 2249 2251 2252 2254 2255 2257 2258 2260 2261 2263 2265 2266 2268 2269 2271 2272 2274 2275 2277 2278 2279 2281 2282 2283 2284 2284 2285 2285 2285 2285 2285 2284 2284 2283 2282 2281 2279 2277 2276 2274 2272 2270 2267 2265 2262 2260 2257 2254 2251 2248 2245 2242 2239 2236 2233 2229 2226 2223
2211 2212 2214 2215 2216 2217 2218 2219 2220 2221 2222 2224 2225 2226 2227 2229 2230 2231 2232 2234 2235 2236 2238 2239 2241 2242 2244 2245 2247 2248 2250 2251 2253 2255 2256 2258 2259 2261 2263 2264 2266 2268 2269 2271 2272 2274 2275 2276 2278 2279 2280 2280 2281 2281 2282 2282 2281 2281 2280 2279 2278 2277 2275 2274 2272 2270 2268 2265 2263 2260 2258 2255 2252 2249 2246 2243 2240 2237 2234 2231 2227 2224 2220 2217
2206 2207 2208 2209 2210 2211 2212 2214 2215 2216 2217 2218 2219 2221 2222 2223 2224 2226 2227 2228 2230 2231 2232 2234 2235 2237 2238 2240 2241 2243 2244 2246 2248 2249 2251 2253 2254 2256 2258 2259 2261 2263 2265 2266 2268 2269 2271 2272 2274 2275 2276 2277 2277 2278 2278 2278 2278 2277 2277 2276 2274 2273 2271 2270 2268 2266 2263 2261 2259 2256 2253 2251 2248 2245 2242 2239 2235 2232 2229 2225 2222 2218 2215 2211
2201 2202 2203 2204 2205 2206 2207 2208 2209 2210 2212 2213 2214 2215 2216 2218 2219 2220 2221 2223 2224 2225 2227 2228 2230 2231 2233 2234 2236 2237 2239 2241 2242 2244 2246 2247 2249 2251 2253 2254 2256 2258 2260 2261 2263 2265 2266 2268 2269 2271 2272 2273 2274 2274 2274 2274 2274 2274 2273 2272 2271 2269 2268 2266 2264 2262 2259 2257 2254 2252 2249 2246 2243 2240 2237 2234 2230 2227 2223 2220 2216 2213 2209 2205
2195 2196 2197 2198 2199 2200 2201 2203 2204 2205 2206 2207 2208 2210 2211 2212 2213 2215 2216 2217 2218 2220 2221 2223 2224 2226 2227 2229 2230 2232 2233 2235 2237 2238 2240 2242 2244 2245 2247 2249 2251 2253 2255 2257 2258 2260 2262 2264 2265 2266 2268 2269 2270 2270 2271 2271 2271 2270 2269 2268 2267 2266 2264 2262 2260 2258 2255 2253 2250 2247 2244 2241 2238 2235 2232 2229 2225 2222 2218 2215 2211 2207 2203 2200
2190 2191 2192 2193 2194 2195 2196 2197 2198 2199 2200 2202 2203 2204 2205 2206 2208 2209 2210 2211 2213 2214 2216 2217 2218 2220 2221 2223 2225 2226 2228 2229 2231 2233 2235 2236 2238 2240 2242 2244 2246 2248 2250 2252 2253 2255 2257 2259 2261 2262 2264 2265 2266 2267 2267 2267 2267 2267 2266 2265 2263 2262 2260 2258 2256 2253 2251 2248 2246 2243 2240 2237 2234 2230 2227 2224 2220 2217 2213 2209 2206 2202 2198 2194
2184 2185 2186 2187 2188 2189 2190 2191 2193 2194 2195 2196 2197 2198 2199 2201 2202 2203 2204 2206 2207 2208 2210 2211 2213 2214 2216 2217 2219 2220 2222 2224 2225 2227 2229 2231 2233 2234 2236 2238 2240 2242 2244 2246 2248 2251 2252 2254 2256 2258 2260 2261 2262 2263 2264 2264 2264 2263 2262 2261 2260 2258 2256 2254 2252 2249 2247 2244 2241 2238 2235 2232 2229 2226 2222 2219 2215 2212 2208 2204 2200 2196 2192 2188
2179 2180 2181 2182 2183 2184 2185 2186 2187 2188 2189 2190 2191 2193 2194 2195 2196 2197 2199 2200 2201 2203 2204 2205 2207 2208 2210 2211 2213 2215 2216 2218 2220 2221 2223 2225 2227 2229 2231 2233 2235 2237 2239 2241 2243 2245 2248 2250 2252 2254 2255 2257 2258 2259 2260 2260 2260 2260 2259 2258 2256 2254 2252 2250 2247 2245 2242 2239 2236 2233 2230 2227 2224 2221 2217 2214 2210 2207 2203 2199 2195 2191 2187 2183
2173 2174 2175 2176 2177 2178 2179 2180 2181 2182 2183 2184 2186 2187 2188 2189 2190 2192 2193 2194 2195 2197 2198 2200 2201 2202 2204 2205 2207 2209 2210 2212 2214 2215 2217 2219 2221 2223 2225 2227 2229 2231 2233 2236 2238 2240 2242 2245 2247 2249 2251 2253 2254 2255 2256 2257 2257 2256 2255 2254 2252 2250 2248 2246 2243 2240 2238 2235 2232 2229 2226 2223 2219 2216 2213 2209 2205 2202 2198 2194 2190 2186 2182 2177
2167 2168 2169 2170 2171 2172 2173 2174 2175 2176 2178 2179 2180 2181 2182 2183 2184 2186 2187 2188 2189 2191 2192 2193 2195 2196 2198 2199 2201 2202 2204 2206 2208 2209 2211 2213 2215 2217 2219 2221 2223 2225 2228 2230 2232 2235 2237 2239 2242 2244 2246 2248 2250 2252 2253 2253 2253 2253 2251 2250 2248 2246 2244 2241 2238 2236 2233 2230 2227 2224 2221 2218 2214 2211 2208 2204 2200 2197 2193 2189 2185 2181 2176 2172
2162 2163 2164 2165 2166 2167 2168 2169 2170 2171 2172 2173 2174 2175 2176 2177 2179 2180 2181 2182 2183 2185 2186 2187 2189 2190 2192 2193 2195 2196 2198 2200 2201 2203 2205 2207 2209 2211 2213 2215 2217 2219 2222 2224 2226 2229 2231 2234 2237 2239 2242 2244 2246 2248 2249 2250 2250 2249 2248 2246 2244 2242 2239 2236 2234 2231 2228 2225 2222 2219 2216 2213 2209 2206 2203 2199 2195 2192 2188 2184 2180 2175 2171 2167
2156 2157 2158 2159 2160 2161 2162 2163 2164 2165 2166 2167 2168 2169 2170 2171 2173 2174 2175 2176 2177 2179 2180 2181 2183 2184 2185 2187 2188 2190 2192 2193 2195 2197 2198 2200 2202 2204 2206 2208 2211 2213 2215 2218 2220 2223 2225 2228 2231 2234 2236 2239 2241 2244 2245 2246 2246 2245 2244 2242 2240 2237 2234 2231 2229 2226 2223 2220 2217 2214 2211 2208 2204 2201 2198 2194 2191 2187 2183 2179 2175 2170 2166 2161
2150 2151 2152 2153 2154 2155 2156 2157 2158 2159 2160 2161 2162 2163 2164 2165 2167 2168 2169 2170 2171 2173 2174 2175 2176 2178 2179 2181 2182 2184 2185 2187 2188 2190 2192 2194 2196 2198 2200 2202 2204 2206 2209 2211 2214 2216 2219 2222 2225 2228 2231 2234 2237 2239 2241 2242 2242 2241 2240 2237 2235 2232 2229 2226 2223 2220 2217 2214 2211 2208 2205 2202 2199 2196 2193 2189 2186 2182 2178 2174 2170 2166 2161 2156
2145 2146 2147 2147 2148 2149 2150 2151 2152 2153 2154 2155 2156 2157 2158 2159 2160 2162 2163 2164 2165 2166 2168 2169 2170 2171 2173 2174 2176 2177 2179 2180 2182 2184 2185 2187 2189 2191 2193 2195 2197 2200 2202 2204 2207 2210 2213 2215 2219 2222 2225 2228 2231 2234 2237 2238 2239 2237 2235 2232 2229 2226 2223 2220 2217 2215 2212 2209 2206 2203 2200 2197 2194 2191 2188 2184 2181 2177 2173 2169 2165 2161 2156 2152
2139 2140 2141 2142 2143 2143 2144 2145 2146 2147 2148 2149 2150 2151 2152 2153 2154 2155 2156 2158 2159 2160 2161 2162 2164 2165 2166 2168 2169 2171 2172 2174 2175 2177 2178 2180 2182 2184 2186 2188 2190 2192 2195 2197 2200 2203 2205 2208 2212 2215 2218 2222 2225 2229 2232 2234 2234 2233 2230 2227 2224 2220 2217 2214 2211 2208 2206 2203 2200 2197 2194 2192 2189 2186 2182 2179 2176 2172 2168 2164 2160 2156 2152 2147
2133 2134 2135 2136 2137 2137 2138 2139 2140 2141 2142 2143 2144 2145 2146 2147 2148 2149 2150 2151 2152 2154 2155 2156 2157 2158 2160 2161 2162 2164 2165 2167 2168 2170 2172 2173 2175 2177 2179 2181 2183 2185 2187 2190 2192 2195 2198 2201 2204 2207 2211 2215 2218 2222 2226 2229 2229 2227 2224 2220 2217 2213 2210 2200 2205 2202 2199 2197 2194 2191 2189 2186 2183 2180 2177 2174 2171 2167 2164 2160 2156 2151 2147 2142
2127 2128 2129 2130 2131 2132 2132 2133 2134 2135 2136 2137 2138 2139 2140 2141 2142 2143 2144 2145 2146 2147 2148 2149 2151 2152 2153 2154 2156 2157 2158 2160 2161 2163 2164 2166 2168 2170 2171 2173 2175 2177 2180 2182 2185 2187 2190 2193 2196 2199 2203 2206 2210 2214 2218 2221 2221 2219 2216 2212 2202 2206 2193 2190 2188 2195 2192 2190 2188 2185 2183 2180 2178 2175 2172 2169 2166 2162 2159 2155 2151 2147 2143 2138
2122 2122 2123 2124 2125 2126 2126 2127 2128 2129 2130 2131 2132 2133 2134 2135 2136 2137 2138 2139 2140 2141 2142 2143 2144 2145 2146 2148 2149 2150 2151 2153 2154 2156 2157 2159 2160 2162 2164 2166 2168 2170 2172 2174 2176 2179 2181 2184 2187 2190 2194 2197 2201 2204 2208 2199 2210 2202 2206 2196 2200 2188 2195 2182 2177 2177 2174 2173 2174 2179 2177 2174 2172 2170 2167 2164 2161 2158 2154 2150 2147 2142 2138 2134
