server/data/00_etapann.txt
ncols         417
nrows         337
xllcorner     112.15
yllcorner     -43.8
cellsize      0.1
NODATA_value  -9999
[rows 228 to 265 of 337, columns 252 to 335 of 417]
1183 1185 1190 1190 1191 1191 1188 1170 1167 1169 1155 1132 1120 1109 1107 1111 1117 1121 1126 1129 1132 1129 1131 1131 1129 1126 1124 1122 1121 1120 1121 1121 1122 1124 1125 1127 1130 1132 1134 1137 1140 1142 1145 1148 1151 1153 1156 1158 1161 1165 1166 1169 1172 1175 1176 1178 1180 1183 1184 1186 1189 1191 1193 1194 1196 1200 1201 1204 1206 1208 1209 1209 1210 1210 1211 1212 1213 1214 1215 1215 1215 1221 1223 1225
1181 1186 1186 1187 1187 1185 1186 1181 1169 1179 1165 1146 1124 1109 1106 1112 1116 1117 1121 1123 1122 1119 1118 1116 1113 1110 1109 1107 1107 1107 1108 1109 1111 1112 1115 1117 1120 1123 1125 1128 1130 1134 1136 1139 1142 1145 1148 1151 1154 1158 1160 1164 1167 1169 1171 1173 1177 1179 1180 1183 1186 1188 1188 1191 1194 1196 1199 1201 1203 1204 1206 1206 1207 1208 1209 1209 1210 1211 1213 1214 1216 1218 1220 1222
1183 1182 1182 1182 1179 1181 1183 1185 1183 1188 1178 1146 1136 1113 1111 1107 1115 1113 1113 1114 1110 1106 1102 1100 1097 1094 1093 1093 1093 1094 1095 1097 1099 1102 1104 1107 1110 1114 1117 1119 1121 1125 1127 1131 1134 1137 1140 1143 1147 1151 1154 1158 1161 1164 1166 1170 1173 1175 1178 1180 1182 1185 1187 1189 1191 1193 1195 1197 1199 1201 1202 1203 1203 1204 1205 1206 1208 1209 1210 1212 1213 1215 1217 1219
1179 1178 1177 1177 1178 1176 1178 1181 1186 1193 1187 1156 1148 1120 1115 1105 1105 1110 1106 1102 1097 1092 1087 1083 1080 1078 1077 1078 1079 1080 1083 1085 1088 1091 1094 1098 1101 1105 1107 1109 1112 1115 1118 1122 1125 1128 1132 1135 1139 1143 1148 1152 1156 1159 1162 1164 1167 1171 1174 1177 1179 1181 1184 1186 1188 1190 1192 1194 1195 1197 1198 1199 1200 1201 1202 1203 1204 1205 1206 1208 1210 1213 1215 1217
1175 1174 1172 1172 1172 1170 1172 1175 1180 1189 1185 1178 1155 1128 1116 1103 1105 1104 1099 1091 1084 1077 1071 1066 1063 1061 1061 1062 1064 1067 1071 1074 1077 1081 1085 1089 1092 1095 1098 1101 1104 1107 1110 1113 1117 1121 1124 1128 1132 1137 1142 1147 1151 1154 1157 1159 1164 1168 1170 1173 1175 1178 1180 1183 1185 1187 1189 1191 1192 1194 1195 1196 1197 1198 1199 1200 1201 1202 1204 1204 1206 1209 1210 1211
1171 1169 1167 1166 1165 1162 1164 1165 1170 1175 1177 1168 1154 1136 1117 1106 1102 1099 1091 1081 1071 1062 1055 1049 1045 1044 1045 1047 1051 1054 1059 1063 1067 1071 1075 1079 1083 1086 1090 1094 1096 1099 1101 1105 1108 1112 1116 1120 1126 1131 1136 1141 1145 1149 1152 1157 1161 1164 1168 1170 1173 1174 1178 1180 1182 1184 1186 1188 1189 1191 1192 1193 1194 1195 1196 1197 1198 1199 1200 1202 1203 1205 1206 1208
1168 1164 1161 1154 1154 1153 1153 1154 1157 1160 1162 1152 1145 1132 1118 1106 1103 1095 1084 1072 1059 1048 1038 1031 1027 1027 1029 1033 1038 1043 1048 1052 1057 1062 1067 1071 1075 1079 1082 1086 1088 1090 1094 1097 1100 1104 1108 1113 1120 1125 1131 1135 1140 1144 1149 1154 1158 1161 1164 1167 1169 1172 1175 1177 1179 1181 1183 1185 1186 1188 1189 1190 1191 1192 1193 1194 1195 1196 1198 1198 1199 1200 1203 1205
1164 1160 1150 1146 1144 1144 1143 1143 1143 1146 1149 1143 1136 1125 1117 1107 1101 1091 1077 1063 1048 1034 1021 1013 1009 1010 1014 1020 1026 1032 1038 1043 1049 1054 1059 1064 1067 1072 1075 1078 1081 1083 1086 1089 1092 1096 1102 1107 1114 1119 1125 1130 1136 1140 1146 1152 1155 1159 1161 1163 1165 1170 1172 1175 1177 1179 1180 1182 1183 1185 1186 1187 1188 1189 1190 1192 1192 1193 1194 1195 1195 1197 1199 1200
1161 1156 1144 1138 1137 1138 1137 1136 1133 1138 1141 1137 1128 1123 1115 1107 1100 1088 1073 1056 1038 1020 1005 994 990 994 1001 1009 1017 1024 1029 1035 1042 1047 1052 1057 1061 1065 1069 1072 1074 1076 1079 1082 1084 1089 1094 1100 1106 1114 1120 1125 1130 1137 1143 1148 1152 1156 1159 1162 1165 1167 1170 1172 1174 1176 1177 1179 1180 1182 1183 1184 1186 1187 1188 1189 1189 1190 1192 1192 1193 1193 1194 1196
1160 1154 1139 1132 1132 1135 1135 1135 1135 1137 1137 1134 1126 1123 1116 1107 1101 1089 1071 1051 1031 1010 989 974 970 979 991 1002 1010 1017 1023 1029 1035 1041 1047 1052 1056 1059 1064 1066 1068 1070 1072 1075 1077 1081 1087 1093 1101 1108 1115 1121 1128 1135 1141 1145 1150 1154 1157 1159 1163 1165 1167 1169 1171 1173 1174 1176 1177 1179 1180 1182 1183 1184 1185 1186 1187 1188 1188 1188 1189 1189 1190 1191
1159 1147 1138 1132 1133 1136 1137 1141 1139 1139 1139 1136 1131 1126 1119 1111 1104 1091 1072 1050 1027 1003 978 954 951 970 988 999 1007 1013 1018 1023 1030 1037 1042 1046 1052 1056 1059 1062 1064 1065 1067 1068 1070 1073 1080 1088 1097 1105 1111 1120 1127 1134 1140 1145 1148 1152 1156 1158 1161 1163 1165 1167 1168 1170 1172 1173 1175 1176 1178 1179 1181 1182 1183 1184 1185 1185 1186 1186 1186 1186 1186 1186
1161 1149 1143 1139 1140 1142 1147 1154 1147 1144 1142 1138 1133 1129 1122 1116 1109 1097 1075 1051 1028 1003 978 956 954 976 994 1003 1008 1012 1015 1019 1024 1033 1038 1042 1046 1052 1055 1058 1060 1062 1063 1064 1065 1065 1075 1085 1094 1101 1109 1119 1125 1132 1139 1144 1148 1152 1154 1157 1159 1161 1163 1165 1166 1167 1169 1170 1172 1174 1175 1177 1179 1180 1181 1182 1183 1183 1183 1183 1183 1182 1182 1182
1162 1153 1148 1147 1148 1153 1159 1160 1154 1150 1146 1141 1136 1133 1127 1123 1115 1105 1081 1055 1032 1011 990 977 978 995 1007 1009 1011 1013 1014 1015 1019 1027 1035 1039 1044 1047 1051 1054 1057 1058 1060 1061 1062 1066 1074 1083 1092 1100 1109 1118 1125 1132 1138 1144 1148 1151 1153 1156 1158 1159 1161 1162 1163 1165 1166 1168 1169 1171 1173 1175 1177 1178 1180 1181 1182 1182 1182 1181 1181 1180 1179 1177
1164 1156 1153 1154 1158 1163 1169 1166 1159 1155 1150 1145 1141 1136 1132 1128 1120 1107 1085 1060 1040 1022 1006 997 998 1006 1013 1015 1016 1016 1014 1012 1011 1020 1029 1036 1042 1046 1049 1051 1054 1056 1058 1060 1063 1067 1074 1082 1091 1100 1108 1117 1125 1133 1138 1144 1148 1151 1153 1155 1156 1158 1158 1160 1161 1162 1163 1165 1167 1168 1171 1173 1175 1177 1178 1180 1180 1181 1181 1180 1180 1179 1177 1175
1165 1158 1158 1161 1165 1172 1173 1170 1166 1159 1154 1149 1144 1139 1136 1133 1126 1110 1090 1067 1048 1033 1021 1014 1013 1016 1020 1023 1023 1021 1018 1013 1010 1018 1028 1035 1041 1045 1048 1051 1052 1054 1057 1060 1064 1068 1075 1081 1090 1099 1108 1116 1126 1134 1140 1145 1148 1150 1152 1153 1154 1156 1156 1157 1158 1159 1160 1162 1164 1166 1168 1171 1173 1175 1177 1179 1180 1180 1181 1180 1180 1178 1177 1174
1165 1160 1159 1163 1168 1176 1175 1173 1170 1165 1158 1153 1147 1140 1136 1136 1122 1111 1093 1071 1055 1042 1033 1028 1026 1027 1029 1031 1032 1031 1026 1021 1018 1023 1030 1037 1042 1046 1049 1052 1053 1055 1057 1061 1065 1069 1075 1081 1089 1097 1107 1116 1126 1135 1142 1145 1148 1149 1151 1152 1153 1154 1154 1155 1155 1156 1157 1159 1161 1163 1166 1169 1172 1175 1177 1179 1180 1181 1181 1181 1180 1179 1178 1176
1164 1158 1159 1165 1171 1179 1178 1176 1172 1167 1162 1156 1151 1144 1141 1130 1117 1110 1093 1072 1059 1049 1043 1039 1037 1037 1039 1042 1044 1043 1039 1034 1031 1032 1037 1042 1045 1049 1052 1055 1056 1057 1059 1063 1066 1070 1075 1081 1088 1096 1105 1115 1125 1135 1144 1146 1147 1149 1150 1150 1151 1152 1152 1152 1152 1153 1154 1155 1158 1161 1164 1167 1171 1174 1177 1179 1181 1182 1182 1183 1182 1182 1181 1180
1162 1155 1160 1167 1175 1183 1182 1179 1174 1169 1164 1158 1156 1146 1141 1129 1115 1107 1089 1072 1060 1052 1049 1046 1045 1046 1048 1052 1056 1057 1052 1046 1043 1043 1045 1048 1050 1053 1056 1057 1058 1059 1062 1064 1067 1070 1074 1080 1086 1094 1103 1113 1122 1131 1139 1142 1144 1146 1148 1148 1149 1149 1150 1149 1149 1149 1150 1152 1155 1159 1162 1166 1170 1174 1177 1179 1182 1183 1184 1185 1185 1185 1185 1184
1159 1151 1160 1170 1186 1188 1186 1181 1175 1169 1162 1157 1157 1144 1148 1135 1120 1105 1084 1067 1057 1051 1049 1049 1049 1052 1055 1061 1067 1069 1063 1057 1054 1053 1054 1055 1057 1059 1060 1061 1061 1063 1065 1066 1067 1070 1074 1079 1084 1092 1101 1109 1118 1127 1134 1138 1142 1144 1145 1147 1147 1147 1147 1146 1146 1145 1146 1148 1152 1156 1161 1165 1170 1174 1177 1180 1183 1185 1187 1188 1188 1189 1189 1189
1141 1149 1163 1178 1193 1195 1191 1184 1176 1167 1159 1150 1151 1131 1148 1139 1124 1100 1074 1059 1052 1049 1048 1050 1052 1056 1061 1066 1070 1072 1069 1065 1063 1062 1062 1063 1064 1065 1066 1067 1067 1068 1069 1069 1069 1070 1073 1077 1083 1089 1097 1107 1115 1124 1131 1135 1139 1142 1143 1144 1145 1145 1145 1144 1142 1142 1142 1145 1149 1154 1160 1165 1170 1175 1179 1182 1185 1188 1189 1191 1192 1193 1194 1195
1137 1152 1170 1194 1203 1203 1196 1186 1176 1166 1157 1147 1140 1134 1138 1134 1116 1093 1065 1049 1045 1045 1047 1051 1055 1060 1065 1069 1073 1075 1074 1072 1071 1070 1070 1071 1071 1072 1073 1073 1073 1073 1073 1072 1070 1071 1071 1076 1081 1087 1095 1105 1113 1121 1128 1133 1137 1140 1142 1143 1143 1144 1143 1142 1140 1139 1138 1141 1147 1153 1160 1166 1171 1176 1180 1184 1188 1190 1193 1195 1196 1198 1199 1200
1168 1175 1180 1201 1211 1210 1199 1186 1174 1163 1154 1141 1130 1123 1125 1127 1111 1088 1058 1037 1039 1042 1047 1052 1058 1063 1068 1073 1076 1078 1079 1079 1078 1078 1078 1079 1079 1080 1081 1080 1079 1079 1078 1077 1075 1073 1072 1076 1082 1087 1095 1104 1112 1119 1126 1131 1136 1139 1140 1141 1143 1143 1143 1141 1140 1138 1135 1139 1147 1154 1160 1167 1173 1178 1183 1187 1191 1194 1196 1199 1200 1202 1203 1205
1180 1185 1195 1205 1211 1208 1197 1183 1170 1159 1150 1128 1113 1113 1126 1133 1112 1086 1061 1044 1041 1043 1049 1056 1061 1067 1072 1077 1081 1083 1084 1085 1085 1086 1086 1087 1087 1088 1088 1088 1087 1085 1083 1081 1079 1078 1078 1080 1084 1089 1098 1105 1112 1119 1125 1130 1135 1138 1140 1141 1143 1143 1142 1142 1141 1140 1140 1143 1149 1156 1162 1169 1175 1180 1185 1190 1194 1197 1200 1203 1205 1207 1208 1210
1190 1194 1199 1204 1206 1201 1190 1177 1164 1153 1115 1101 1105 1121 1133 1130 1112 1090 1075 1056 1050 1050 1055 1061 1068 1073 1078 1082 1087 1089 1091 1091 1093 1094 1095 1095 1095 1095 1095 1095 1094 1092 1090 1088 1086 1085 1085 1087 1089 1093 1100 1106 1112 1119 1126 1130 1135 1139 1141 1143 1143 1144 1144 1144 1144 1143 1144 1148 1152 1158 1165 1171 1177 1183 1188 1193 1197 1201 1204 1207 1209 1211 1212 1214
1198 1200 1203 1203 1200 1193 1182 1170 1157 1129 1100 1094 1098 1119 1125 1121 1109 1096 1082 1067 1061 1060 1063 1068 1074 1080 1084 1089 1093 1097 1098 1100 1102 1103 1104 1105 1103 1102 1103 1101 1100 1099 1098 1094 1093 1093 1093 1094 1096 1099 1102 1108 1113 1120 1126 1131 1136 1140 1143 1145 1145 1146 1147 1147 1147 1148 1149 1152 1156 1162 1168 1174 1180 1186 1192 1197 1201 1205 1208 1211 1213 1215 1216 1217
1204 1204 1205 1202 1195 1186 1174 1144 1128 1114 1102 1102 1120 1126 1123 1117 1109 1095 1084 1076 1071 1069 1071 1076 1081 1086 1092 1096 1100 1105 1107 1109 1112 1113 1114 1113 1113 1112 1111 1109 1108 1106 1104 1102 1100 1100 1100 1100 1102 1104 1106 1111 1116 1120 1126 1132 1137 1141 1145 1147 1149 1151 1151 1151 1151 1151 1153 1155 1160 1165 1171 1177 1183 1189 1195 1200 1205 1209 1212 1215 1217 1218 1220 1220
1198 1202 1206 1200 1190 1178 1165 1152 1142 1134 1129 1126 1124 1122 1119 1114 1108 1096 1089 1083 1080 1079 1078 1083 1089 1094 1099 1105 1110 1114 1117 1120 1121 1123 1124 1124 1123 1122 1120 1118 1116 1114 1112 1109 1107 1107 1106 1106 1107 1107 1110 1113 1117 1121 1126 1132 1137 1143 1148 1151 1153 1156 1157 1156 1155 1155 1156 1159 1163 1168 1173 1180 1186 1192 1197 1203 1208 1212 1216 1218 1220 1222 1222 1223
1199 1200 1200 1192 1184 1158 1140 1143 1134 1128 1124 1122 1120 1119 1116 1112 1108 1103 1093 1089 1087 1087 1088 1090 1096 1102 1106 1113 1118 1123 1127 1131 1132 1134 1134 1133 1132 1129 1126 1124 1123 1120 1118 1115 1115 1114 1112 1111 1111 1111 1113 1114 1118 1121 1126 1132 1138 1145 1151 1156 1159 1162 1162 1161 1159 1157 1158 1161 1165 1169 1175 1181 1188 1194 1200 1206 1211 1215 1219 1222 1223 1224 1224 1223
1196 1196 1192 1189 1177 1153 1136 1135 1127 1122 1120 1119 1118 1116 1114 1111 1108 1105 1101 1099 1092 1093 1095 1097 1103 1109 1115 1120 1126 1131 1137 1141 1143 1144 1144 1142 1140 1136 1134 1131 1128 1126 1124 1121 1121 1120 1117 1116 1115 1115 1115 1116 1118 1121 1125 1131 1138 1146 1154 1160 1165 1168 1167 1166 1164 1161 1161 1163 1166 1170 1176 1182 1189 1196 1202 1208 1213 1218 1221 1224 1226 1227 1226 1224
1191 1190 1190 1182 1170 1157 1143 1131 1124 1120 1118 1117 1116 1115 1113 1111 1109 1107 1105 1104 1103 1099 1101 1104 1109 1115 1121 1128 1135 1140 1146 1151 1154 1155 1153 1151 1148 1143 1140 1135 1132 1130 1128 1125 1126 1124 1122 1121 1119 1118 1116 1116 1117 1120 1124 1129 1137 1147 1157 1165 1171 1174 1173 1171 1168 1164 1162 1163 1163 1169 1175 1182 1189 1197 1203 1209 1215 1219 1223 1226 1228 1228 1227 1224
1196 1191 1185 1176 1166 1154 1142 1132 1124 1121 1118 1117 1116 1115 1113 1112 1110 1109 1108 1107 1107 1109 1106 1109 1114 1120 1126 1134 1142 1150 1155 1160 1163 1164 1162 1160 1156 1148 1142 1139 1135 1131 1130 1130 1131 1131 1129 1125 1121 1118 1116 1115 1116 1118 1121 1126 1136 1148 1159 1170 1177 1180 1179 1176 1171 1165 1161 1160 1160 1164 1171 1179 1188 1196 1203 1209 1214 1219 1224 1228 1229 1229 1227 1223
1193 1187 1180 1172 1162 1152 1142 1133 1127 1122 1120 1118 1117 1115 1114 1113 1112 1111 1111 1110 1111 1112 1110 1112 1116 1122 1129 1137 1145 1155 1162 1166 1170 1173 1172 1167 1161 1153 1144 1139 1136 1132 1129 1130 1132 1135 1136 1129 1122 1117 1115 1113 1113 1115 1119 1125 1134 1146 1160 1173 1182 1184 1181 1178 1170 1162 1157 1154 1153 1158 1164 1172 1183 1194 1202 1206 1210 1216 1222 1228 1231 1231 1227 1221
1189 1183 1176 1169 1160 1151 1143 1135 1129 1125 1122 1120 1118 1117 1116 1115 1114 1113 1113 1113 1114 1115 1117 1115 1119 1123 1129 1137 1145 1154 1161 1167 1173 1179 1179 1173 1164 1154 1145 1135 1131 1129 1126 1126 1128 1132 1133 1126 1120 1115 1112 1110 1109 1111 1114 1121 1130 1139 1156 1172 1186 1173 1175 1169 1162 1153 1148 1144 1144 1147 1153 1162 1175 1187 1195 1197 1201 1208 1217 1226 1233 1232 1225 1216
1186 1180 1174 1167 1159 1151 1144 1137 1132 1127 1124 1122 1120 1119 1117 1117 1116 1115 1115 1115 1116 1117 1119 1117 1120 1123 1128 1135 1142 1149 1155 1162 1170 1178 1181 1170 1161 1149 1139 1131 1123 1122 1121 1120 1121 1124 1123 1118 1113 1109 1106 1104 1103 1104 1107 1113 1120 1128 1143 1159 1169 1155 1155 1153 1146 1140 1135 1131 1130 1132 1138 1148 1162 1176 1181 1182 1187 1195 1206 1220 1233 1231 1217 1202
1183 1178 1172 1165 1158 1152 1145 1139 1134 1130 1127 1124 1122 1121 1119 1118 1118 1117 1117 1117 1118 1119 1120 1122 1120 1122 1125 1129 1135 1142 1146 1152 1158 1163 1163 1157 1149 1137 1128 1120 1114 1110 1110 1108 1109 1113 1112 1108 1105 1101 1098 1096 1095 1095 1097 1100 1105 1110 1118 1123 1121 1130 1131 1124 1127 1122 1118 1115 1113 1112 1117 1128 1141 1153 1159 1161 1165 1173 1186 1203 1223 1218 1201 1190
1181 1175 1170 1164 1158 1152 1146 1141 1136 1132 1129 1126 1124 1123 1121 1120 1120 1119 1119 1119 1119 1120 1121 1122 1118 1120 1121 1124 1127 1132 1137 1139 1142 1142 1140 1135 1127 1119 1112 1107 1103 1099 1098 1098 1097 1101 1100 1098 1095 1091 1089 1086 1085 1083 1083 1084 1083 1083 1081 1089 1095 1103 1094 1094 1102 1103 1101 1098 1093 1088 1091 1103 1115 1123 1130 1132 1136 1145 1157 1172 1183 1182 1173 1163
1179 1174 1168 1163 1158 1152 1147 1142 1138 1134 1131 1128 1126 1125 1123 1122 1121 1121 1120 1120 1120 1121 1121 1121 1122 1116 1115 1116 1116 1119 1122 1126 1122 1118 1113 1108 1103 1097 1093 1090 1087 1085 1083 1085 1087 1089 1088 1087 1084 1081 1078 1076 1074 1072 1070 1068 1063 1056 1043 1048 1064 1070 1065 1075 1080 1084 1084 1083 1076 1064 1063 1078 1092 1099 1101 1100 1105 1111 1123 1134 1142 1143 1139 1114
1177 1172 1167 1162 1157 1152 1148 1143 1139 1136 1133 1130 1128 1126 1125 1124 1123 1122 1122 1122 1121 1121 1121 1120 1120 1113 1110 1108 1104 1103 1103 1103 1099 1093 1086 1081 1077 1075 1073 1072 1071 1070 1069 1071 1070 1073 1074 1074 1072 1069 1066 1064 1063 1060 1057 1052 1040 1039 1025 1026 1037 1042 1039 1050 1057 1065 1070 1075 1076 1045 1036 1061 1079 1087 1086 1080 1076 1080 1085 1093 1099 1098 1080 1039
