server/data/00_etapann.txt
ncols         417
nrows         337
xllcorner     112.15
yllcorner     -43.8
cellsize      0.1
NODATA_value  -9999
[rows 38 to 75 of 337, columns 84 to 167 of 417]
2116 2116 2117 2118 2119 2120 2120 2121 2122 2123 2124 2125 2126 2126 2127 2128 2129 2130 2131 2132 2133 2134 2135 2136 2137 2138 2140 2141 2142 2143 2144 2146 2147 2148 2150 2151 2153 2154 2156 2158 2160 2161 2163 2166 2168 2170 2173 2175 2178 2181 2184 2187 2190 2193 2189 2189 2184 2197 2186 2185 2190 2188 2176 2174 2169 2163 2159 2160 2159 2172 2170 2168 2166 2164 2161 2159 2156 2153 2149 2146 2142 2138 2134 2130
2110 2111 2111 2112 2113 2114 2114 2115 2116 2117 2118 2119 2119 2120 2121 2122 2123 2124 2125 2126 2127 2128 2129 2130 2131 2132 2133 2134 2135 2136 2137 2138 2140 2141 2142 2144 2145 2147 2148 2150 2151 2153 2155 2157 2159 2161 2163 2166 2168 2171 2173 2167 2171 2181 2183 2185 2177 2176 2169 2170 2180 2167 2164 2163 2158 2153 2151 2152 2147 2150 2156 2162 2160 2158 2156 2154 2151 2148 2145 2141 2138 2134 2130 2126
2104 2105 2105 2106 2107 2108 2108 2109 2110 2111 2112 2112 2113 2114 2115 2116 2116 2117 2118 2119 2120 2121 2122 2123 2124 2125 2126 2127 2128 2129 2130 2131 2132 2133 2135 2136 2137 2139 2140 2141 2143 2145 2146 2148 2150 2152 2154 2156 2158 2160 2153 2165 2167 2169 2159 2159 2161 2161 2152 2155 2158 2151 2149 2153 2148 2142 2142 2141 2140 2140 2144 2148 2155 2153 2151 2149 2146 2143 2140 2137 2133 2130 2126 2122
2098 2099 2099 2100 2101 2102 2102 2103 2104 2105 2105 2106 2107 2108 2108 2109 2110 2111 2112 2112 2113 2114 2115 2116 2117 2118 2119 2120 2121 2122 2123 2124 2125 2126 2127 2128 2129 2130 2132 2133 2134 2136 2137 2139 2140 2142 2144 2145 2147 2149 2142 2145 2155 2156 2147 2143 2142 2140 2135 2139 2145 2136 2138 2141 2132 2132 2132 2132 2129 2131 2133 2139 2140 2147 2145 2143 2141 2138 2135 2132 2129 2125 2121 2117
2092 2093 2093 2094 2095 2096 2096 2097 2098 2098 2099 2100 2101 2101 2102 2103 2104 2104 2105 2106 2107 2107 2108 2109 2110 2111 2112 2112 2113 2114 2115 2116 2117 2118 2119 2120 2121 2122 2123 2125 2126 2127 2128 2129 2120 2132 2134 2135 2136 2126 2130 2141 2134 2143 2133 2122 2122 2123 2123 2128 2130 2128 2131 2126 2121 2121 2121 2122 2120 2120 2131 2131 2132 2141 2140 2138 2136 2133 2131 2128 2124 2121 2117 2113
2086 2087 2087 2088 2089 2089 2090 2091 2091 2092 2093 2093 2094 2095 2096 2096 2097 2098 2098 2099 2100 2101 2101 2102 2103 2104 2104 2105 2106 2107 2108 2109 2109 2110 2111 2112 2113 2114 2115 2116 2117 2118 2119 2120 2121 2114 2123 2114 2118 2114 2115 2111 2116 2130 2117 2101 2109 2110 2113 2112 2106 2115 2115 2116 2109 2106 2110 2112 2109 2116 2123 2114 2119 2126 2135 2133 2131 2129 2126 2123 2120 2116 2113 2109
2080 2081 2081 2082 2083 2083 2084 2085 2085 2086 2086 2087 2088 2088 2089 2090 2090 2091 2092 2092 2093 2094 2095 2095 2096 2097 2097 2098 2099 2100 2100 2101 2102 2102 2103 2104 2105 2106 2106 2107 2108 2109 2110 2110 2111 2104 2103 2100 2098 2101 2103 2097 2093 2103 2098 2094 2090 2095 2093 2093 2095 2105 2099 2104 2097 2095 2098 2099 2097 2109 2115 2112 2110 2111 2117 2121 2126 2124 2121 2118 2115 2112 2108 2105
2074 2075 2075 2076 2077 2077 2078 2078 2079 2080 2080 2081 2081 2082 2083 2083 2084 2084 2085 2086 2086 2087 2088 2088 2089 2090 2090 2091 2091 2092 2093 2093 2094 2095 2095 2096 2097 2097 2098 2098 2099 2100 2100 2101 2101 2102 2090 2082 2080 2083 2088 2078 2070 2082 2080 2076 2074 2071 2072 2078 2076 2090 2085 2089 2086 2083 2084 2090 2092 2099 2106 2103 2102 2101 2108 2110 2112 2102 2116 2113 2110 2107 2104 2101
2068 2069 2069 2070 2070 2071 2072 2072 2073 2073 2074 2074 2075 2076 2076 2077 2077 2078 2078 2079 2080 2080 2081 2081 2082 2082 2083 2083 2084 2085 2085 2086 2086 2087 2087 2088 2088 2089 2089 2090 2090 2090 2091 2091 2091 2092 2083 2070 2061 2064 2066 2067 2059 2056 2053 2055 2058 2060 2058 2065 2071 2073 2076 2074 2069 2072 2070 2079 2086 2088 2094 2094 2091 2099 2107 2105 2108 2113 2111 2100 2098 2095 2092 2096
2062 2063 2063 2064 2064 2065 2065 2066 2066 2067 2067 2068 2069 2069 2070 2070 2071 2071 2072 2072 2073 2073 2074 2074 2075 2075 2076 2076 2077 2077 2077 2078 2078 2079 2079 2080 2080 2080 2080 2081 2081 2081 2081 2068 2081 2081 2073 2065 2052 2052 2054 2051 2041 2037 2037 2041 2038 2043 2042 2042 2049 2053 2060 2061 2055 2056 2060 2072 2076 2079 2080 2077 2083 2083 2094 2105 2110 2101 2097 2093 2089 2086 2086 2083
2056 2057 2057 2058 2058 2059 2059 2060 2060 2061 2061 2062 2062 2063 2063 2064 2064 2064 2065 2065 2066 2066 2067 2067 2068 2068 2068 2069 2069 2070 2070 2070 2070 2071 2071 2071 2072 2072 2072 2072 2072 2072 2072 2072 2072 2063 2063 2071 2053 2037 2038 2038 2028 2024 2022 2025 2024 2025 2024 2026 2035 2043 2041 2046 2044 2044 2055 2059 2059 2064 2073 2075 2089 2087 2085 2100 2097 2095 2089 2088 2083 2077 2079 2078
2050 2050 2051 2051 2052 2052 2053 2053 2054 2054 2055 2055 2056 2056 2056 2057 2057 2058 2058 2059 2059 2059 2060 2060 2060 2061 2061 2061 2062 2062 2062 2062 2063 2063 2063 2063 2063 2063 2063 2063 2063 2063 2055 2051 2050 2050 2048 2050 2045 2038 2023 2023 2020 2014 2010 2009 2006 2007 2007 2008 2022 2028 2027 2033 2030 2033 2043 2048 2054 2063 2072 2077 2089 2085 2085 2093 2092 2086 2082 2079 2077 2071 2071 2070
2044 2044 2045 2045 2046 2046 2047 2047 2047 2048 2048 2049 2049 2050 2050 2050 2051 2051 2051 2052 2052 2052 2053 2053 2053 2054 2054 2054 2054 2054 2055 2055 2055 2055 2055 2055 2055 2055 2043 2054 2054 2046 2045 2044 2037 2039 2031 2020 2022 2028 2020 2014 2007 1999 1994 1992 1989 1985 1991 1996 2003 2006 2015 2022 2022 2022 2029 2037 2043 2056 2066 2070 2068 2083 2080 2087 2083 2078 2068 2063 2066 2063 2059 2063
2038 2038 2039 2039 2040 2040 2040 2041 2041 2042 2042 2042 2043 2043 2043 2044 2044 2044 2045 2045 2045 2045 2046 2046 2046 2046 2046 2047 2047 2047 2047 2047 2047 2047 2047 2047 2047 2036 2046 2036 2036 2032 2034 2035 2034 2028 2023 2009 2005 2007 2009 2006 2000 1986 1979 1978 1975 1976 1980 1989 1995 1998 2005 2005 2012 2014 2013 2023 2031 2039 2052 2053 2047 2074 2087 2083 2074 2068 2056 2056 2056 2058 2056 2055
2032 2032 2033 2033 2033 2034 2034 2034 2035 2035 2035 2036 2036 2036 2037 2037 2037 2038 2038 2038 2038 2038 2039 2039 2039 2039 2039 2039 2039 2039 2039 2039 2039 2039 2039 2039 2039 2038 2038 2029 2027 2019 2014 2020 2020 2019 2016 1998 1989 1988 1996 1981 1987 1976 1970 1965 1964 1960 1967 1974 1984 1988 1991 1993 1994 2002 2003 2012 2024 2033 2038 2049 2050 2055 2075 2073 2054 2053 2050 2046 2046 2048 2047 2047
2026 2026 2026 2027 2027 2028 2028 2028 2028 2029 2029 2029 2030 2030 2030 2030 2031 2031 2031 2031 2031 2032 2032 2032 2032 2032 2032 2032 2032 2032 2032 2032 2031 2031 2031 2031 2030 2030 2020 2013 2018 2016 2007 2011 2008 2007 2002 1994 1988 1977 1981 1970 1973 1966 1961 1955 1956 1955 1956 1963 1971 1974 1978 1980 1984 1990 1991 1996 2008 2025 2036 2041 2049 2052 2052 2039 2029 2035 2038 2039 2040 2043 2032 2040
2020 2020 2020 2021 2021 2021 2022 2022 2022 2022 2023 2023 2023 2023 2024 2024 2024 2024 2024 2024 2024 2025 2025 2025 2025 2025 2025 2025 2025 2024 2024 2024 2024 2023 2023 2023 2022 2022 2010 2003 2005 2009 2004 2004 1995 1989 1989 1993 1984 1970 1963 1959 1959 1951 1950 1951 1950 1951 1954 1958 1961 1964 1967 1969 1979 1986 1986 1987 2003 2007 2009 2016 2032 2016 2019 2016 2013 2013 2015 2018 2024 2034 2032 2032
2014 2014 2014 2014 2015 2015 2015 2016 2016 2016 2016 2016 2017 2017 2017 2017 2017 2017 2017 2018 2018 2018 2018 2018 2018 2018 2017 2017 2017 2017 2017 2016 2016 2016 2015 2015 2014 2014 2001 1995 2002 2000 1988 1983 1987 1975 1969 1969 1977 1977 1953 1944 1939 1935 1943 1945 1946 1945 1945 1945 1954 1955 1955 1959 1965 1976 1982 1988 1993 1995 1993 2007 2015 1997 2001 2005 2002 2004 2001 2010 2014 2019 2016 2011
2008 2008 2008 2008 2009 2009 2009 2009 2009 2010 2010 2010 2010 2010 2010 2010 2011 2011 2011 2011 2011 2011 2011 2011 2010 2010 2010 2010 2010 2010 2009 2009 2008 2008 2008 2007 2006 2006 1997 1990 1994 1989 1976 1968 1967 1964 1957 1957 1953 1958 1959 1940 1929 1936 1931 1938 1938 1936 1935 1941 1946 1949 1948 1957 1962 1968 1972 1975 1981 1978 1980 1989 1997 1999 1981 1987 1989 1992 1993 2000 2000 2007 2005 2006
2001 2002 2002 2002 2002 2003 2003 2003 2003 2003 2003 2004 2004 2004 2004 2004 2004 2004 2004 2004 2004 2004 2004 2004 2003 2003 2003 2003 2002 2002 2002 1991 2001 2000 2000 1999 1991 1998 1997 1984 1979 1980 1970 1966 1965 1960 1956 1948 1937 1935 1933 1927 1928 1927 1921 1931 1926 1928 1930 1933 1931 1940 1939 1946 1952 1956 1960 1959 1966 1966 1970 1974 1973 1980 1979 1978 1980 1978 1985 1988 1978 1990 1989 1987
1995 1996 1996 1996 1996 1996 1996 1997 1997 1997 1997 1997 1997 1997 1997 1997 1997 1997 1997 1997 1997 1997 1997 1997 1996 1996 1996 1983 1986 1995 1994 1994 1993 1993 1992 1992 1991 1990 1989 1988 1974 1966 1966 1964 1957 1952 1950 1939 1928 1929 1931 1919 1921 1922 1922 1920 1920 1921 1923 1925 1927 1930 1934 1941 1943 1947 1950 1945 1945 1942 1952 1959 1965 1969 1958 1964 1966 1968 1976 1971 1971 1974 1974 1974
1989 1989 1990 1990 1990 1990 1990 1990 1990 1990 1991 1991 1991 1991 1991 1991 1991 1990 1990 1990 1990 1990 1990 1990 1989 1989 1989 1988 1988 1975 1974 1975 1975 1985 1985 1972 1983 1982 1981 1968 1963 1950 1954 1947 1943 1951 1944 1933 1931 1930 1926 1921 1907 1910 1910 1909 1909 1911 1916 1915 1918 1922 1921 1926 1935 1938 1938 1932 1933 1928 1941 1947 1952 1952 1944 1951 1954 1963 1961 1947 1960 1970 1961 1973
1983 1983 1983 1984 1984 1984 1984 1984 1984 1984 1984 1984 1984 1984 1984 1984 1984 1984 1984 1984 1983 1983 1983 1983 1982 1982 1982 1981 1981 1966 1968 1966 1967 1966 1977 1968 1976 1975 1959 1955 1949 1946 1941 1935 1943 1945 1934 1932 1928 1926 1923 1916 1904 1896 1897 1903 1900 1901 1906 1909 1910 1911 1915 1921 1922 1925 1928 1917 1919 1920 1932 1937 1943 1945 1938 1948 1952 1948 1945 1947 1955 1960 1960 1961
1977 1977 1977 1977 1978 1978 1978 1978 1978 1978 1978 1978 1978 1978 1978 1977 1977 1977 1977 1977 1977 1976 1976 1976 1975 1975 1975 1974 1974 1973 1972 1958 1957 1956 1952 1948 1961 1967 1957 1965 1964 1949 1942 1948 1941 1935 1931 1925 1919 1913 1915 1901 1899 1893 1891 1896 1896 1895 1895 1898 1903 1907 1910 1914 1911 1914 1915 1908 1912 1916 1920 1924 1920 1935 1936 1934 1937 1929 1934 1930 1946 1950 1951 1949
1971 1971 1971 1971 1971 1971 1971 1971 1971 1971 1971 1971 1971 1971 1971 1971 1971 1970 1970 1970 1970 1969 1969 1961 1960 1968 1967 1967 1966 1966 1954 1950 1947 1941 1939 1937 1942 1947 1940 1947 1932 1937 1939 1935 1926 1924 1921 1909 1907 1906 1901 1898 1890 1889 1888 1889 1889 1892 1891 1889 1891 1901 1902 1902 1901 1907 1903 1898 1905 1905 1903 1914 1904 1923 1922 1912 1924 1919 1926 1922 1935 1939 1937 1937
1965 1965 1965 1965 1965 1965 1965 1965 1965 1965 1965 1965 1965 1965 1964 1964 1964 1964 1964 1963 1963 1963 1955 1954 1961 1961 1960 1960 1959 1948 1946 1940 1937 1938 1939 1938 1934 1930 1936 1938 1932 1923 1921 1926 1919 1910 1907 1899 1900 1897 1892 1885 1884 1889 1889 1887 1885 1887 1883 1885 1886 1889 1889 1893 1891 1897 1889 1890 1891 1890 1894 1904 1891 1906 1907 1905 1904 1904 1919 1917 1922 1927 1921 1926
1959 1959 1959 1959 1959 1959 1959 1959 1959 1959 1959 1958 1958 1958 1958 1958 1957 1957 1957 1957 1956 1956 1947 1946 1947 1954 1953 1953 1952 1939 1935 1933 1933 1934 1938 1935 1933 1925 1924 1930 1925 1909 1906 1911 1913 1906 1896 1896 1894 1888 1886 1882 1883 1883 1883 1879 1883 1882 1877 1875 1873 1878 1883 1876 1883 1885 1876 1879 1879 1879 1893 1889 1882 1897 1899 1899 1894 1890 1906 1911 1915 1916 1915 1911
1953 1953 1953 1953 1953 1953 1953 1953 1952 1952 1952 1952 1952 1952 1951 1951 1951 1951 1950 1950 1950 1949 1941 1939 1938 1940 1947 1946 1945 1945 1944 1935 1926 1929 1932 1930 1927 1922 1912 1921 1918 1905 1906 1892 1906 1903 1898 1890 1888 1884 1883 1879 1881 1877 1880 1879 1878 1873 1871 1869 1866 1872 1870 1873 1875 1873 1873 1865 1871 1874 1879 1870 1881 1882 1881 1893 1894 1893 1894 1902 1902 1904 1901 1893
1947 1947 1947 1947 1947 1947 1946 1946 1946 1946 1946 1946 1945 1945 1945 1938 1944 1944 1944 1943 1934 1931 1931 1932 1931 1933 1940 1939 1938 1938 1937 1936 1925 1925 1924 1921 1921 1919 1915 1910 1907 1899 1902 1899 1893 1897 1895 1892 1884 1883 1882 1878 1870 1867 1877 1874 1870 1867 1863 1865 1864 1860 1864 1865 1865 1858 1860 1859 1865 1870 1864 1868 1872 1866 1868 1878 1883 1887 1886 1887 1891 1890 1880 1879
1941 1941 1941 1941 1940 1940 1940 1940 1940 1940 1940 1939 1939 1939 1938 1938 1938 1937 1937 1929 1928 1927 1924 1923 1925 1925 1926 1932 1931 1931 1930 1929 1928 1920 1916 1912 1912 1911 1908 1903 1903 1897 1897 1895 1883 1878 1879 1885 1877 1878 1875 1873 1867 1867 1872 1860 1857 1859 1858 1861 1856 1856 1855 1856 1855 1850 1851 1847 1860 1850 1857 1851 1859 1853 1860 1872 1875 1862 1867 1866 1880 1879 1873 1872
1935 1935 1935 1934 1934 1934 1934 1934 1934 1933 1933 1933 1933 1932 1932 1932 1931 1923 1920 1918 1918 1918 1919 1916 1915 1916 1917 1925 1924 1924 1916 1915 1914 1913 1911 1908 1907 1904 1902 1900 1894 1892 1896 1890 1881 1873 1868 1864 1866 1870 1869 1869 1871 1870 1866 1864 1862 1856 1856 1855 1849 1846 1846 1845 1843 1841 1840 1844 1844 1838 1839 1842 1847 1846 1850 1859 1858 1850 1853 1860 1862 1858 1867 1868
1929 1929 1928 1928 1928 1928 1928 1928 1927 1927 1927 1927 1926 1926 1926 1925 1925 1916 1912 1906 1906 1907 1910 1909 1908 1909 1910 1911 1918 1917 1909 1908 1914 1906 1904 1903 1899 1896 1895 1894 1890 1891 1884 1884 1879 1874 1870 1857 1859 1862 1864 1865 1864 1864 1861 1857 1857 1854 1851 1849 1844 1834 1834 1834 1831 1831 1832 1837 1826 1833 1824 1832 1836 1829 1838 1846 1848 1837 1841 1834 1842 1846 1857 1851
1923 1923 1922 1922 1922 1922 1922 1921 1921 1921 1921 1920 1920 1920 1919 1919 1911 1908 1903 1900 1898 1899 1900 1902 1902 1903 1903 1904 1911 1910 1909 1900 1899 1899 1897 1895 1893 1892 1889 1886 1885 1884 1882 1880 1874 1869 1851 1852 1838 1844 1847 1854 1853 1850 1848 1851 1849 1844 1841 1840 1835 1832 1831 1831 1826 1824 1826 1820 1812 1822 1816 1823 1824 1823 1826 1833 1832 1836 1838 1838 1841 1845 1846 1841
1917 1916 1916 1916 1916 1916 1916 1915 1915 1915 1914 1914 1914 1913 1913 1912 1902 1899 1893 1892 1890 1890 1893 1894 1896 1897 1898 1898 1897 1903 1895 1893 1890 1890 1890 1889 1887 1885 1883 1881 1880 1878 1875 1871 1869 1868 1863 1844 1830 1826 1834 1837 1846 1843 1840 1844 1839 1836 1833 1828 1823 1827 1828 1824 1814 1814 1810 1807 1809 1812 1817 1817 1817 1820 1824 1823 1820 1818 1819 1822 1826 1831 1834 1831
1911 1910 1910 1910 1910 1910 1909 1909 1909 1908 1908 1908 1907 1907 1906 1906 1892 1887 1883 1883 1884 1885 1884 1887 1887 1889 1890 1890 1888 1889 1888 1886 1883 1881 1881 1881 1880 1878 1877 1875 1872 1868 1868 1866 1860 1859 1859 1853 1842 1836 1820 1826 1827 1837 1838 1829 1832 1827 1823 1824 1818 1823 1820 1817 1811 1797 1792 1803 1805 1806 1809 1813 1815 1816 1817 1813 1817 1813 1812 1805 1817 1823 1822 1818
1905 1904 1904 1904 1904 1904 1903 1903 1903 1902 1902 1901 1901 1901 1900 1900 1887 1882 1878 1879 1881 1882 1880 1880 1880 1881 1883 1882 1883 1882 1881 1878 1874 1873 1871 1872 1872 1870 1869 1867 1865 1861 1858 1858 1856 1853 1849 1842 1841 1839 1837 1834 1833 1837 1824 1822 1823 1810 1810 1810 1811 1812 1806 1804 1803 1801 1799 1798 1793 1795 1800 1802 1804 1805 1806 1808 1810 1802 1806 1807 1811 1811 1808 1804
1899 1898 1898 1898 1898 1897 1897 1897 1896 1896 1896 1895 1895 1894 1894 1893 1884 1879 1876 1876 1878 1879 1877 1876 1874 1875 1876 1877 1876 1875 1874 1871 1868 1865 1864 1862 1863 1862 1860 1860 1857 1855 1850 1848 1847 1845 1840 1838 1834 1832 1835 1835 1832 1832 1822 1813 1821 1810 1803 1800 1803 1805 1807 1801 1792 1799 1796 1791 1785 1787 1785 1789 1786 1789 1789 1795 1794 1797 1800 1802 1800 1798 1795 1792
1893 1892 1892 1892 1892 1891 1891 1891 1890 1890 1889 1889 1889 1888 1887 1887 1879 1876 1873 1874 1874 1874 1872 1870 1868 1869 1869 1868 1868 1867 1867 1864 1860 1858 1857 1856 1854 1855 1854 1854 1851 1848 1845 1841 1838 1833 1830 1830 1830 1827 1830 1829 1828 1827 1823 1813 1807 1807 1796 1805 1800 1802 1798 1793 1791 1787 1786 1781 1783 1780 1780 1780 1780 1782 1785 1778 1787 1792 1792 1789 1784 1782 1779 1778
